89 65 80 83 50 71 60 81 43 57 93 48
81 96 49 90 65 63 58 68 43 66
81 56 90 81 73 84 72 79 78
59 67 58 67 41 96 61 63
59 47 58 70 95 47 56 64 46 65 89 75
42 89 71 76 60 49 76 69 89 79 44 99 82
61 44 46 61 90 96 47 46 74 54
93 53 86 49 44 99 50 50 80 71 100 98 43 65
73 59 94 95 84 56 64 86 87 75 69
87 90 94 97 53 80 65 60 54 70
88 47 70 70 90 85 63 58 51 77 41 86 72 44 84
87 60 96 100 46 57 94 53 87 70 82
50 67 47 78 63 72 71 95
54 91 86 95 78 48 45 77 71 68 61 85
41 83 45 81 94 100 46 72 59 87 70 67 73 74
55 92 52 55 47 50 85 66 78
64 97 76 100 64 61 70 41 43 79 77
85 57 83 53 84 52 75 59
66 70 70 64 56 74 51 81 97 66 67 59 49 72
88 82 91 74 75 66 60 55 77 64 45 71 73
56 77 66 66 93 71 83 55 99 69 76 52 88 59
70 91 73 78 74 79 46 92 61 71 60 82 60 96 72
58 70 89 95 94 44 57 51 47 45 83 51 64 55
95 49 53 54 73 54 63 73 100
45 60 51 65 78 46 48 78
44 53 98 69 69 96 55 82 75 87 58
87 84 86 81 91 52 59 52 93 86 98 86
61 66 60 88 42 76 95 50 42 91 86 60 47
58 93 77 91 81 51 52 60 60 81 46
76 65 89 77 73 50 77 71 67 41 88 63 50
82 53 56 72 86 78 72 66 100 58
72 64 93 76 58 79 56 74 49 100
54 60 80 76 94 54 67 63 67 98 46 77 79 70 73
57 83 74 86 68 54 98 42 84 88 41 92 80 97 43
41 50 89 62 44 59 72 86 73 85 94 92 58 61
97 41 42 98 93 86 43 69
74 73 68 87 75 63 62 67
68 64 63 86 75 50 77 55 45 66 85
72 90 98 99 46 97 79 74 70 86 99 86 63 71 47
55 68 67 66 54 67 93 78 62 77 74 53 41 63 69
75 65 74 42 71 81 80 62 84 75 76
69 42 49 64 64 85 54 68 47 41 98 91 81
99 47 100 67 61 99 85 78 85
87 48 73 53 97 78 45 42 69 72 65 63
43 61 86 76 59 84 60 59 71 42
43 58 46 73 86 73 97 43 66 70 42 94
66 92 75 86 43 73 73 86 57 72 72 90 84 74
73 66 92 76 64 96 69 83 72 91 42 89 75
83 74 56 99 88 86 69 68 98 59 80 75
57 56 48 92 73 90 53 81 41 99 78
55 81 69 60 90 50
65 46 65 78 62 57 55 62 45
95 61 87 77 97 58 45 41 76 64 83 72 73 49
65 47 50 47 64 81 72
57 98 57 78 74 56 49 54 83 97 68 100 54 45 69
86 85 82 89 80 61 59 73 71 41 76
85 100 60 61 53 68 53 81 65 70 71 71
65 81 95 60 42 62 69 97 57 53 42 97 85 100
97 77 77 42 43 79 62 56 100 49 94
74 55 53 100 87 41 81 41 80 99 50
61 87 54 59 79 75 79 94 87 47
78 97 69 53 73 42 80 99 91 98 95 47
51 41 93 63 63 55 84 51 87 49
59 97 95 42 47 77 46 91 69 49 68 59 69 48
92 56 95 45 81 86 76 79 84
59 83 69 76 74 96 75 100 85 68 44 84 41 82
66 87 98 82 61 98 66 80 50 93 48
56 63 85 49 69 56 48 69 48 66 90 43 63 41
68 86 87 89 44 79 92 71 44 63 42 95 68 94 65 73
91 88 95 96 73 64 61 95 77 78 72 85 58 89
97 93 69 78 96 92 50 59 53 45 61 86 63
94 58 54 47 97 79 51 64 84 97 48 94 75 68 64
80 78 90 94 75 72 64 79 88 80 48 76 87
50 90 42 75 53 81 96 56 69 100 79 66 94
95 77 90 73 70 65 73 88 82
60 100 49 90 70 68 86 77 60 75 80
66 70 68 61 76 91 100 69 80 88 67 51 88
80 86 46 48 57 93 77 52 43
52 81 62 63 81 71 87 50 70 86 64 54 70 72 100
90 72 77 62 52 97 84 75 42 46 89 68 63 48
50 49 75 45 71 57 78 54 82
57 78 96 74 52 65 66 82 75 100 42 95 43
66 42 43 90 47 52 99 70 95
51 60 74 89 76 46 41 43 85
85 78 54 98 44 74 74
48 85 69 72 69 43 47 69 61 49 94 61 64 68 90 47 86 59
52 71 55 99 87 100 76 47 97 61 75 96 50 58
60 41 75 68 53 63 78 51 92 99 42
96 51 76 46 89 47 69 67 41 65
42 75 75 79 55 94 68 83 69 84 86 86 89
53 81 45 76 68 43 41 41 95 76 65 98
45 74 91 77 95 89 96 82 56 78 44 82
59 74 42 80 68 46 57 41 69 56 44 71 49 42 51
90 43 50 53 42 62 61 61 65 54 55 57 58
52 92 77 69 85 47 72 60 66 78 84
93 58 54 50 55 92 86 67 85 75 91
79 42 70 100 50 51 62 58 67 77 67 48 51 65
82 76 84 61 55 96 47 49 89 61 46 85
100 61 99 98 99 93 95 47 83 60 96 87 80
67 56 77 98 46 51 87 80 94 73 70 64
